

grafo={}
#LINEA NORTE
grafo["N10"] = [(7,32),(7,60),(67/6,55),(13,55),(13,54),(12,54),(7,60),(7,32)]
grafo["N11y18"] = [(7,32),(7,60),(7,32)]
grafo["N12"] = [(7,32), (7,51), (12,51), (12,50),(14,50),(14,54),(7,54),(7,32)]
grafo["N13"] = [(13,32),(13,50),(14,50),(14,54),(6,54),(6,50),(1,44),(-1,44),(-1,40),(0,40),(0,43),(1,44),(6,50),(7,50),(7,51),(12,51),(12,50),(13,50),(13,32)]
grafo["N15"] = [(2,32),(2,44),(2,226/5),(6,50),(7,50),(7,53),(8,53),(8,54),(6,54),(2,294/5),(2,60),(1,60),(0,61),(0,60),(1,60),(6,54),(6,50),(1,44),(1,41),(4,41),(4,32),(1,32)]
grafo["N16"] = [(-2,32),(-2,41),(1,44),(6,50),(7,50),(7,53),(8,53),(8,54),(6,54),(2,294/5),(2,60),(1,60),(0,61),(0,60),(1,60),(6,54),(6,50),(1,44),(-1,44),(-1,32),(-2,32)]
grafo["N17"] = [(7,32),(7,44),(5,42),(2,42),(2,45),(1,45),(1,50),(7,50),(7,60),(7,49),(1,49),(1,41),(4,41),(7,44),(7,32)]
#LINEA SUR
grafo["S10"] = [(31,67),(31,60),(7,60),(7,44),(2,44),(2,45),(1,45),(1,41),(4,41),(7,44),(7,60),(31,60),(31,66)]
grafo["S18"] = [(31, 72),(31,66),(26,66),(26,67),(24,67),(24,65),(14,54),(7,54),(7,44),(3,44),(3,45),(11/6,45),(1,44),(-1,44),(-1,40),(0,40),(0,41),(-1,41),(-1,39),(2,42),(1,42),(1,43),(3,43),(3,44),(7,44),(7,51),(12,51),(14,51),(14,54),(24,65),(26,65),(26,66),(31,66),(31,65),(31,68),(31,72)]
grafo["S19"] = [(31, 72),(26,67),(24,67),(24,65),(14,54),(7,54),(7,44),(1,44),(1,41),(2,41),(2,42),(1,42),(1,43),(3,43),(3,44),(7,44),(7,51),(12,51),(12,50),(14,50),(14,54),(24,65),(26,65),(26,67),(31,72)]
grafo["S21"] = [(19,72),(19,60),(14,54),(7,54),(7,44),(5,42),(1,42),(1,43),(2,43),(2,44),(7,44),(7,51),(12,51),(12,50),(14,50),(14,54),(19,60),(19,72)]
#LINEA OESTE
grafo["O10"] = [(31,44),(7,44),(7,53),(8,53),(8,54),(6,54),(6,50),(2,45),(1,45),(1,55),(3,55),(3,57),(1,57),(1,44),(6,50),(7,50),(7,44),(31,44)]
grafo["O11y14"] = [(31,44),(19,44),(14,51),(14,54),(7,54),(7,49),(5,49),(2,45),(1,45),(1,57),(1,44),(6,50),(7,50),(7,51),(12,51),(12,50),(14,50),(19,44),(31,44)]
grafo["O15y17"] = [(31,32),(26,37),(26,39),(24,39),(22,41),(22,42),(6,42),(7,44),(7,53),(8,53),(8,54),(6,54),(6,50),(2,45),(1,45),(1,44),(6,50),(7,50),(7,44),(3,40),(3,41),(22,41),(24,39),(24,37),(26,37),(31,32)]
grafo["O16"] = [(31,32),(29,34),(29,33),(27,32),(13,32),(13,44),(7,44),(7,53),(5,53),(8,54),(6,54),(6,50),(2,45),(1,45),(1,44),(6,50),(7,50),(7,44),(13,44),(13,32),(27,32),(30,33),(31,32)]
grafo["O18"] = [(31,32),(26,37),(26,39),(24,39),(14,50),(14,54),(13,54),(13,64),(14,64),(14,68),(14,64),(13,64),(13,54),(12,54),(12,50),(14,50),(24,39),(24,37),(26,37),(31,32)]
grafo["O19"] = [(31,32),(26,37),(26,39),(24,39),(14,50),(14,54),(13,54),(13,64),(14,64),(14,69),(2,69),(2,71),(1,71),(1,68),(14,68),(14,64),(13,64),(12,54),(12,50),(14,50),(24,39),(24,37),(26,37),(31,32),(27,32),(30,33),(31,32)]
grafo["O22"] = [(19,32),(13,32),(13,44),(7,44),(7,51),(12,51),(12,50),(14,50),(14,54),(7,54),(7,44),(13,44),(13,32),(19,32)]
grafo["O23"] = [(31,32),(26,37),(26,39),(24,39),(19,44),(19,51),(14,51),(14,54),(14,54),(7,54),(7,60),(7,49),(5,49),(1,44),(6,50),(7,50),(7,60),(7,51),(12,51),(12,50),(14,50),(14,51),(19,51),(19,44),(24,39),(24,37),(26,37),(31,32)]
grafo["O24"] = [(20,32),(13,32),(13,44),(7,44),(5,42),(2,42),(2,44),(1,44),(6,50),(7,50),(7,60),(7,49),(5,49),(1,44),(1,41),(4,41),(7,44),(13,44),(13,32),(19,32)]
grafo["O26"] = [(31,39),(31,38),(26,38),(26,39),(24,38),(3,38),(3,40),(7,44),(7,53),(8,53),(8,54),(6,54),(5,50),(2,45),(1,45),(1,44),(6,50),(7,50),(7,44),(5,42),(4,42),(4,38),(24,38),(24,37),(26,37),(26,38),(31,38)]
grafo["O27"] = [(31,44),(19,44),(14,51),(14,54),(7,54),(7,49),(5,49),(1,44),(6,50),(7,50),(7,51),(12,51),(12,50),(14,50),(19,44),(31,44)]

new = {}
lista = []
for i,j in grafo.items():
    for k in j:
        lista.append(np.array(k))
    new[i] = lista
    lista = []
